{
  "name" : "EX19 - 九九の採点 / 2.04",
  "testType" : "SINGLE",
  "input" : {
    "type" : "STANDARD",
    "fileName" : "input.txt"
  },
  "output" : {
    "type" : "STANDARD",
    "fileName" : "output.txt"
  },
  "tests" : [ {
    "input" : "1 2 3 4 5 6 7 8 9\n2 4 6 8 10 37 14 79 18\n3 6 9 12 15 18 21 24 39\n4 8 12 16 20 24 28 32 36\n5 10 15 20 25 30 35 40 41\n6 67 18 24 50 36 42 10 9\n7 14 21 28 35 42 49 56 63\n8 16 24 32 40 48 56 64 14\n9 18 27 36 45 54 63 72 81",
    "output" : "1 2 3 4 5 6 7 8 9\n2 4 6 8 10 12 14 16 18\n3 6 9 12 15 18 21 24 27\n4 8 12 16 20 24 28 32 36\n5 10 15 20 25 30 35 40 45\n6 12 18 24 30 36 42 48 54\n7 14 21 28 35 42 49 56 63\n8 16 24 32 40 48 56 64 72\n9 18 27 36 45 54 63 72 81\n72\n9\n",
    "index" : 0,
    "active" : true
  } ],
  "location" : "src/dev/mikit/atcoder",
  "vmArgs" : "-Xmx256M",
  "mainClass" : "Main",
  "taskClass" : "dev.mikit.atcoder.EX19204",
  "checkerClass" : "net.egork.chelper.checkers.TokenChecker",
  "checkerParameters" : "",
  "testClasses" : [ ],
  "date" : "2019.03.21",
  "contestName" : "AtCoder Programming Guide for beginners (APG4b)",
  "truncate" : true,
  "inputClass" : "dev.mikit.atcoder.lib.io.LightScanner",
  "outputClass" : "dev.mikit.atcoder.lib.io.LightWriter",
  "includeLocale" : false,
  "failOnOverflow" : false,
  "interactive" : false,
  "interactor" : "net.egork.chelper.tester.Interactor"
}